1A_chimerism_0716	0.015546042	1.913102935	414594.2475
1B_chimerism_0845	0.019828246	1.913102935	414594.2475
2A_chimerism_1103	0.006411161	1.913102935	414594.2475
3C_chimerism_1143	0.019430747	1.913102935	414594.2475
3D_chimerism_1147	0.006020152	1.913102935	414594.2475
4A_chimerism_1154	0.00194295	0.499660026	734.3507303
5B_chimerism_1173	0.005516839	1.913102935	414594.2475
5C_chimerism_1182	0.001812182	1.913102935	414594.2475
5D_chimerism_1193	0.005527274	1.913102935	414594.2475
6A_chimerism_0156	0.008678195	1.913102935	414594.2475
6D_chimerism_0476	0.015666586	1.913102935	414594.2475
18C_chimerism_1513	0.000171011	1.913102935	414594.2475
19C_chimerism_1528	0.006985406	0.333312504	5333.57591
20C_chimerism_1539	0.00658141	1.913102935	414594.2475
21A_chimerism_1463	0.001530247	1.913102935	414594.2475
21B_chimerism_1468	0.008042697	1.913102935	414594.2475
21C_chimerism_1472	0.008429088	1.913102935	414594.2475
21D_chimerism_1476	0.015343576	1.913102935	414594.2475
22B_chimerism_1490	0.012614632	1.913102935	414594.2475
22D_chimerism_1507	0.007950599	1.913102935	414594.2475
42A_Wu_locus_1_0057	0.009288467	1.913102935	414594.2475
42B_Wu_locus_1_0092	0.014815041	1.913102935	414594.2475
42C_Wu_locus_1_0181	0.018354492	1.913102935	414594.2475
42D_Wu_locus_1_0286	0.012703321	1.913102935	414594.2475
25D_chimerism_1840	0.005569478	1.913102935	414594.2475
41A_UGT2B17_NM_001077_0002	0.031769362	1.913102935	414594.2475
41B_UGT2B17_NM_001077_0005	0.018670173	0.681015748	1561.677830
41C_UGT2B17_NM_001077_0007	0.03108919	0.338492294	1050.904145
26A_chimerism_1910	0.012682761	1.913102935	414594.2475
26C_chimerism_1915	0.011951424	1.913102935	414594.2475
27B_chimerism_1988	0.002120414	1.913102935	414594.2475
27C_chimerism_1996	0.017561525	1.913102935	414594.2475
27D_chimerism_2066	0.023713896	1.913102935	414594.2475
29B_chimerism_2071	0.004705179	1.913102935	414594.2475
29C_chimerism_2075	0.018526262	1.913102935	414594.2475
29D_chimerism_2079	0.003552203	1.913102935	414594.2475
30D_chimerism_2095	0.00780625	1.913102935	414594.2475
31B_chimerism_2166	0.001818853	1.913102935	414594.2475
31C_chimerism_2182	0.010760046	1.913102935	414594.2475
31D_chimerism_2193	0.004123934	1.913102935	414594.2475
32B_chimerism_2119	0.014047018	1.913102935	414594.2475
32C_chimerism_2124	0.025376308	1.913102935	414594.2475
32D_chimerism_2132	0.016934379	1.913102935	414594.2475
33B_chimerism_2148	0.012277221	1.913102935	414594.2475
33D_chimerism_2151	0.008561131	1.913102935	414594.2475
34A_chimerism_2239	0.013456462	1.913102935	414594.2475
34C_chimerism_2255	0.008801106	1.913102935	414594.2475
36A_chimerism_2209	0.016405921	1.913102935	414594.2475
43B_Wu_locus_2_0792	0.009972731	1.913102935	414594.2475
37A_chimerism_2264	0.010786387	1.913102935	414594.2475
37B_chimerism_2269	0.012142759	1.913102935	414594.2475
38A_chimerism_2287	0.014241524	1.913102935	414594.2475
38B_chimerism_2291	0.011864208	1.913102935	414594.2475
38C_chimerism_2294	0.01485683	1.913102935	414594.2475
7A_chimerism_1232	0.009299156	1.913102935	414594.2475
7B_chimerism_1239	0.008366405	1.913102935	414594.2475
7D_chimerism_1255	0.006318279	1.913102935	414594.2475
9A_chimerism_1264	0.010897157	1.913102935	414594.2475
9D_chimerism_1303	0.012320727	1.913102935	414594.2475
10A_chimerism_1309	0.011025713	1.913102935	414594.2475
10B_chimerism_1315	0.012686044	1.913102935	414594.2475
11C_chimerism_1334	0.008412221	1.913102935	414594.2475
12B_chimerism_1347	0.010173743	1.913102935	414594.2475
13B_chimerism_1356	0.00053763	1.913102935	414594.2475
13C_chimerism_1357	0.000408103	1.913102935	414594.2475
13D_chimerism_1360	0.007143723	1.913102935	414594.2475
14A_chimerism_1363	0.026549268	1.913102935	414594.2475
14B_chimerism_1367	0.024402404	1.913102935	414594.2475
14D_chimerism_1371	0.008117977	1.913102935	414594.2475
15A_chimerism_1380	0.011286521	1.913102935	414594.2475
15B_chimerism_1386	0.008674985	1.913102935	414594.2475
15D_chimerism_1410	0.011523655	1.913102935	414594.2475
16B_chimerism_1420	0.029309023	1.913102935	414594.2475
16D_chimerism_1425	0.001727867	1.913102935	414594.2475
17A_chimerism_1429	0.027275987	1.913102935	414594.2475
17C_chimerism_1446	0.008950167	1.913102935	414594.2475
23C_chimerism_1556	0.002013167	1.913102935	414594.2475
23D_chimerism_1566	0.003171935	1.913102935	414594.2475
24C_chimerism_1579	0.00146137	1.913102935	414594.2475
39A_F9_NM_000133_0003	0.006276645	1.913102935	414594.2475
39B_F9_NM_000133_0007	0.020239776	1.913102935	414594.2475
39C_F9_NM_000133_0011	0.005318963	1.913102935	414594.2475
39D_F9_NM_000133_0017	0.008499227	1.913102935	414594.2475
40A_SRY_NM_003140_0020	0.011790478	1.913102935	414594.2475
40D_SRY_NM_003140_0026	0.02265359	1.913102935	414594.2475
1C_chimerism_0972	0.016189511	1.913102935	414594.2475
1D_chimerism_1011	0.020088432	1.913102935	414594.2475
2B_chimerism_1114	0.010293149	1.913102935	414594.2475
2C_chimerism_1122	0.004958357	1.913102935	414594.2475
2D_chimerism_1130	0.001605731	1.913102935	414594.2475
3A_chimerism_1137	0.001813483	1.913102935	414594.2475
3B_chimerism_1140	0.001522866	1.913102935	414594.2475
4B_chimerism_1155	0.006943262	1.913102935	414594.2475
4C_chimerism_1158	0.004656222	1.913102935	414594.2475
4D_chimerism_1165	0.019002692	1.913102935	414594.2475
5A_chimerism_1171	0.023029312	1.913102935	414594.2475
6B_chimerism_0307	0.008306979	1.913102935	414594.2475
6C_chimerism_0370	0.005903654	1.913102935	414594.2475
18A_chimerism_1509	0.012163016	1.913102935	414594.2475
18B_chimerism_1511	0.00058098	1.913102935	414594.2475
18D_chimerism_1516	0.012797495	1.913102935	414594.2475
19A_chimerism_1521	0.003988309	1.913102935	414594.2475
19B_chimerism_1525	0.016449735	1.913102935	414594.2475
19D_chimerism_1533	0.008523571	1.913102935	414594.2475
20D_chimerism_1543	0.001883321	1.913102935	414594.2475
22A_chimerism_1484	0.00594074	1.913102935	414594.2475
22C_chimerism_1497	0.00394941	1.913102935	414594.2475
25A_chimerism_1621	0.022949465	1.913102935	414594.2475
25B_chimerism_1686	0.014929948	1.913102935	414594.2475
25C_chimerism_1770	0.010623678	1.913102935	414594.2475
41D_UGT2B17_NM_001077_0011	0.022276661	1.913102935	414594.2475
26B_chimerism_1913	0.000580834	1.913102935	414594.2475
26D_chimerism_1917	0.026037823	1.913102935	414594.2475
27A_chimerism_1926	0.013763063	1.913102935	414594.2475
29A_chimerism_2069	0.001157435	1.913102935	414594.2475
30A_chimerism_2081	0.00678274	1.913102935	414594.2475
30B_chimerism_2086	0.007490786	1.913102935	414594.2475
30C_chimerism_2085	0.004863651	1.913102935	414594.2475
31A_chimerism_2159	0.022258439	1.913102935	414594.2475
32A_chimerism_2110	0.009529642	1.913102935	414594.2475
33A_chimerism_2139	0.006407427	1.913102935	414594.2475
33C_chimerism_2150	0.011839286	1.913102935	414594.2475
34B_chimerism_2248	0.000255784	1.913102935	414594.2475
34D_chimerism_2257	0.014743491	1.913102935	414594.2475
35B_chimerism_2241	0.001113601	1.913102935	414594.2475
35C_chimerism_2244	0.000193116	1.913102935	414594.2475
35D_chimerism_2248	0.000255784	1.913102935	414594.2475
36B_chimerism_2214	0.028271156	0.333328187	21587.94169
36D_chimerism_2228	0.000319771	1.913102935	414594.2475
43C_Wu_locus_2_1116	0.027414356	1.913102935	414594.2475
43D_Wu_locus_2_1197	0.010714117	1.913102935	414594.2475
37C_chimerism_2275	0.004428569	1.913102935	414594.2475
37D_chimerism_2282	0.000519521	1.913102935	414594.2475
38D_chimerism_2297	0.029596192	1.913102935	414594.2475
7C_chimerism_1250	0.014239087	1.913102935	414594.2475
8D_chimerism_1221	0.015012887	1.913102935	414594.2475
9B_chimerism_1275	0.013861126	1.913102935	414594.2475
10C_chimerism_1317	0.003551873	1.913102935	414594.2475
10D_chimerism_1325	0.010627441	1.913102935	414594.2475
11A_chimerism_1328	0.011560265	1.913102935	414594.2475
11B_chimerism_1335	0.006512697	1.913102935	414594.2475
11D_chimerism_1343	0.000985398	1.913102935	414594.2475
12A_chimerism_1345	0.004810135	1.913102935	414594.2475
12C_chimerism_1350	0.013190416	1.913102935	414594.2475
12D_chimerism_1353	0.014820012	1.913102935	414594.2475
13A_chimerism_1355	0.008178974	0.249989326	5854.827714
14C_chimerism_1369	0.014802234	1.913102935	414594.2475
15C_chimerism_1401	0.016703878	1.913102935	414594.2475
16A_chimerism_1418	0.009770799	1.913102935	414594.2475
16C_chimerism_1422	0.01217838	1.913102935	414594.2475
17B_chimerism_1439	0.020998268	1.913102935	414594.2475
17D_chimerism_1455	0.026221991	1.913102935	414594.2475
23A_chimerism_1547	0.010668138	1.913102935	414594.2475
23B_chimerism_1552	0.001409767	1.913102935	414594.2475
24A_chimerism_1572	0.004945023	1.913102935	414594.2475
24B_chimerism_1576	0.006857641	1.913102935	414594.2475
24D_chimerism_1584	0.031843315	1.913102935	414594.2475
40B_SRY_NM_003140_0022	0.010105871	1.913102935	414594.2475
40C_SRY_NM_003140_0024	0.006499778	1.913102935	414594.2475
